(-0.180075,0.434739) (-0.180075,0.434739) (-0.180075,0.434739) (-0.180075,0.434739) (-0.180075,0.434739) (-0.180075,0.434739) (-0.180075,0.434739) (-0.180075,0.434739) (-0.180075,0.434739) (-0.180075,0.434739) (-0.180075,0.434739) (-0.180075,0.434739) (-0.180075,0.434739) (-0.180075,0.434739) (-0.180075,0.434739) (-0.180075,0.434739) (-0.180075,0.434739) (-0.180075,0.434739) (-0.180075,0.434739) (-0.180075,0.434739)
(0.434739,-0.180075) (0.434739,-0.180075) (0.434739,-0.180075) (0.434739,-0.180075) (0.434739,-0.180075) (0.434739,-0.180075) (0.434739,-0.180075) (0.434739,-0.180075) (0.434739,-0.180075) (0.434739,-0.180075) (0.434739,-0.180075) (0.434739,-0.180075) (0.434739,-0.180075) (0.434739,-0.180075) (0.434739,-0.180075) (0.434739,-0.180075) (0.434739,-0.180075) (0.434739,-0.180075) (0.434739,-0.180075) (0.434739,-0.180075)
(-0.434739,-0.180075) (-0.434739,-0.180075) (-0.434739,-0.180075) (-0.434739,-0.180075) (-0.434739,-0.180075) (-0.434739,-0.180075) (-0.434739,-0.180075) (-0.434739,-0.180075) (-0.434739,-0.180075) (-0.434739,-0.180075) (-0.434739,-0.180075) (-0.434739,-0.180075) (-0.434739,-0.180075) (-0.434739,-0.180075) (-0.434739,-0.180075) (-0.434739,-0.180075) (-0.434739,-0.180075) (-0.434739,-0.180075) (-0.434739,-0.180075) (-0.434739,-0.180075)
(0.180075,0.434739) (0.180075,0.434739) (0.180075,0.434739) (0.180075,0.434739) (0.180075,0.434739) (0.180075,0.434739) (0.180075,0.434739) (0.180075,0.434739) (0.180075,0.434739) (0.180075,0.434739) (0.180075,0.434739) (0.180075,0.434739) (0.180075,0.434739) (0.180075,0.434739) (0.180075,0.434739) (0.180075,0.434739) (0.180075,0.434739) (0.180075,0.434739) (0.180075,0.434739) (0.180075,0.434739)
(0.180075,-0.434739) (0.180075,-0.434739) (0.180075,-0.434739) (0.180075,-0.434739) (0.180075,-0.434739) (0.180075,-0.434739) (0.180075,-0.434739) (0.180075,-0.434739) (0.180075,-0.434739) (0.180075,-0.434739) (0.180075,-0.434739) (0.180075,-0.434739) (0.180075,-0.434739) (0.180075,-0.434739) (0.180075,-0.434739) (0.180075,-0.434739) (0.180075,-0.434739) (0.180075,-0.434739) (0.180075,-0.434739) (0.180075,-0.434739)
(-0.434739,0.180075) (-0.434739,0.180075) (-0.434739,0.180075) (-0.434739,0.180075) (-0.434739,0.180075) (-0.434739,0.180075) (-0.434739,0.180075) (-0.434739,0.180075) (-0.434739,0.180075) (-0.434739,0.180075) (-0.434739,0.180075) (-0.434739,0.180075) (-0.434739,0.180075) (-0.434739,0.180075) (-0.434739,0.180075) (-0.434739,0.180075) (-0.434739,0.180075) (-0.434739,0.180075) (-0.434739,0.180075) (-0.434739,0.180075)
(0.434739,0.180075) (0.434739,0.180075) (0.434739,0.180075) (0.434739,0.180075) (0.434739,0.180075) (0.434739,0.180075) (0.434739,0.180075) (0.434739,0.180075) (0.434739,0.180075) (0.434739,0.180075) (0.434739,0.180075) (0.434739,0.180075) (0.434739,0.180075) (0.434739,0.180075) (0.434739,0.180075) (0.434739,0.180075) (0.434739,0.180075) (0.434739,0.180075) (0.434739,0.180075) (0.434739,0.180075)
(-0.180075,-0.434739) (-0.180075,-0.434739) (-0.180075,-0.434739) (-0.180075,-0.434739) (-0.180075,-0.434739) (-0.180075,-0.434739) (-0.180075,-0.434739) (-0.180075,-0.434739) (-0.180075,-0.434739) (-0.180075,-0.434739) (-0.180075,-0.434739) (-0.180075,-0.434739) (-0.180075,-0.434739) (-0.180075,-0.434739) (-0.180075,-0.434739) (-0.180075,-0.434739) (-0.180075,-0.434739) (-0.180075,-0.434739) (-0.180075,-0.434739) (-0.180075,-0.434739)
(-0.180075,0.434739) (-0.180075,0.434739) (-0.180075,0.434739) (-0.180075,0.434739) (-0.180075,0.434739) (-0.180075,0.434739) (-0.180075,0.434739) (-0.180075,0.434739) (-0.180075,0.434739) (-0.180075,0.434739) (-0.180075,0.434739) (-0.180075,0.434739) (-0.180075,0.434739) (-0.180075,0.434739) (-0.180075,0.434739) (-0.180075,0.434739) (-0.180075,0.434739) (-0.180075,0.434739) (-0.180075,0.434739) (-0.180075,0.434739)
(0.434739,-0.180075) (0.434739,-0.180075) (0.434739,-0.180075) (0.434739,-0.180075) (0.434739,-0.180075) (0.434739,-0.180075) (0.434739,-0.180075) (0.434739,-0.180075) (0.434739,-0.180075) (0.434739,-0.180075) (0.434739,-0.180075) (0.434739,-0.180075) (0.434739,-0.180075) (0.434739,-0.180075) (0.434739,-0.180075) (0.434739,-0.180075) (0.434739,-0.180075) (0.434739,-0.180075) (0.434739,-0.180075) (0.434739,-0.180075)
(-0.434739,-0.180075) (-0.434739,-0.180075) (-0.434739,-0.180075) (-0.434739,-0.180075) (-0.434739,-0.180075) (-0.434739,-0.180075) (-0.434739,-0.180075) (-0.434739,-0.180075) (-0.434739,-0.180075) (-0.434739,-0.180075) (-0.434739,-0.180075) (-0.434739,-0.180075) (-0.434739,-0.180075) (-0.434739,-0.180075) (-0.434739,-0.180075) (-0.434739,-0.180075) (-0.434739,-0.180075) (-0.434739,-0.180075) (-0.434739,-0.180075) (-0.434739,-0.180075)
(0.180075,0.434739) (0.180075,0.434739) (0.180075,0.434739) (0.180075,0.434739) (0.180075,0.434739) (0.180075,0.434739) (0.180075,0.434739) (0.180075,0.434739) (0.180075,0.434739) (0.180075,0.434739) (0.180075,0.434739) (0.180075,0.434739) (0.180075,0.434739) (0.180075,0.434739) (0.180075,0.434739) (0.180075,0.434739) (0.180075,0.434739) (0.180075,0.434739) (0.180075,0.434739) (0.180075,0.434739)
(0.180075,-0.434739) (0.180075,-0.434739) (0.180075,-0.434739) (0.180075,-0.434739) (0.180075,-0.434739) (0.180075,-0.434739) (0.180075,-0.434739) (0.180075,-0.434739) (0.180075,-0.434739) (0.180075,-0.434739) (0.180075,-0.434739) (0.180075,-0.434739) (0.180075,-0.434739) (0.180075,-0.434739) (0.180075,-0.434739) (0.180075,-0.434739) (0.180075,-0.434739) (0.180075,-0.434739) (0.180075,-0.434739) (0.180075,-0.434739)
(-0.434739,0.180075) (-0.434739,0.180075) (-0.434739,0.180075) (-0.434739,0.180075) (-0.434739,0.180075) (-0.434739,0.180075) (-0.434739,0.180075) (-0.434739,0.180075) (-0.434739,0.180075) (-0.434739,0.180075) (-0.434739,0.180075) (-0.434739,0.180075) (-0.434739,0.180075) (-0.434739,0.180075) (-0.434739,0.180075) (-0.434739,0.180075) (-0.434739,0.180075) (-0.434739,0.180075) (-0.434739,0.180075) (-0.434739,0.180075)
(0.434739,0.180075) (0.434739,0.180075) (0.434739,0.180075) (0.434739,0.180075) (0.434739,0.180075) (0.434739,0.180075) (0.434739,0.180075) (0.434739,0.180075) (0.434739,0.180075) (0.434739,0.180075) (0.434739,0.180075) (0.434739,0.180075) (0.434739,0.180075) (0.434739,0.180075) (0.434739,0.180075) (0.434739,0.180075) (0.434739,0.180075) (0.434739,0.180075) (0.434739,0.180075) (0.434739,0.180075)
(-0.180075,-0.434739) (-0.180075,-0.434739) (-0.180075,-0.434739) (-0.180075,-0.434739) (-0.180075,-0.434739) (-0.180075,-0.434739) (-0.180075,-0.434739) (-0.180075,-0.434739) (-0.180075,-0.434739) (-0.180075,-0.434739) (-0.180075,-0.434739) (-0.180075,-0.434739) (-0.180075,-0.434739) (-0.180075,-0.434739) (-0.180075,-0.434739) (-0.180075,-0.434739) (-0.180075,-0.434739) (-0.180075,-0.434739) (-0.180075,-0.434739) (-0.180075,-0.434739)
(-0.180075,0.434739) (-0.180075,0.434739) (-0.180075,0.434739) (-0.180075,0.434739) (-0.180075,0.434739) (-0.180075,0.434739) (-0.180075,0.434739) (-0.180075,0.434739) (-0.180075,0.434739) (-0.180075,0.434739) (-0.180075,0.434739) (-0.180075,0.434739) (-0.180075,0.434739) (-0.180075,0.434739) (-0.180075,0.434739) (-0.180075,0.434739) (-0.180075,0.434739) (-0.180075,0.434739) (-0.180075,0.434739) (-0.180075,0.434739)
(0.434739,-0.180075) (0.434739,-0.180075) (0.434739,-0.180075) (0.434739,-0.180075) (0.434739,-0.180075) (0.434739,-0.180075) (0.434739,-0.180075) (0.434739,-0.180075) (0.434739,-0.180075) (0.434739,-0.180075) (0.434739,-0.180075) (0.434739,-0.180075) (0.434739,-0.180075) (0.434739,-0.180075) (0.434739,-0.180075) (0.434739,-0.180075) (0.434739,-0.180075) (0.434739,-0.180075) (0.434739,-0.180075) (0.434739,-0.180075)
(-0.434739,-0.180075) (-0.434739,-0.180075) (-0.434739,-0.180075) (-0.434739,-0.180075) (-0.434739,-0.180075) (-0.434739,-0.180075) (-0.434739,-0.180075) (-0.434739,-0.180075) (-0.434739,-0.180075) (-0.434739,-0.180075) (-0.434739,-0.180075) (-0.434739,-0.180075) (-0.434739,-0.180075) (-0.434739,-0.180075) (-0.434739,-0.180075) (-0.434739,-0.180075) (-0.434739,-0.180075) (-0.434739,-0.180075) (-0.434739,-0.180075) (-0.434739,-0.180075)
(0.180075,0.434739) (0.180075,0.434739) (0.180075,0.434739) (0.180075,0.434739) (0.180075,0.434739) (0.180075,0.434739) (0.180075,0.434739) (0.180075,0.434739) (0.180075,0.434739) (0.180075,0.434739) (0.180075,0.434739) (0.180075,0.434739) (0.180075,0.434739) (0.180075,0.434739) (0.180075,0.434739) (0.180075,0.434739) (0.180075,0.434739) (0.180075,0.434739) (0.180075,0.434739) (0.180075,0.434739)